[bnr.jpg]
moddate=8a83718bae29d401
width=728
height=90
text=2;127;5;PIXEL;Calibri;0.034814,0.277565,0.393581,0.000000;v1,4294967295,4278199381,128.000000,1.000000,0.250000,1.000000,700,2,49160;;158;37;Photos, Videos Stock & Sharing Script;Arial;0.296040,0.385079,0.200144,0.000000;v1,4294967295,4278190080,128.000000,1.000000,0.000000,1.000000,400,0,49160;;
textactive=1
